0.000,0.000,0.000,-2.000,0.000,0.000,0.000,0.000
0.020,0.057,0.046,-1.971,2.875,2.298,1.437,0.674
0.040,0.114,0.091,-1.943,2.846,2.265,1.423,0.672
0.060,0.171,0.136,-1.915,2.814,2.220,1.407,0.668
0.080,0.226,0.179,-1.887,2.778,2.163,1.389,0.662
0.100,0.281,0.221,-1.859,2.739,2.096,1.369,0.653
0.120,0.335,0.261,-1.833,2.697,2.018,1.348,0.642
0.140,0.388,0.300,-1.806,2.652,1.932,1.326,0.630
0.160,0.440,0.337,-1.780,2.605,1.837,1.302,0.614
0.180,0.491,0.371,-1.754,2.555,1.735,1.278,0.597
0.200,0.541,0.404,-1.729,2.503,1.627,1.252,0.576
0.220,0.591,0.434,-1.705,2.466,1.523,1.233,0.553
0.240,0.639,0.463,-1.680,2.428,1.414,1.214,0.527
0.260,0.687,0.489,-1.657,2.388,1.297,1.194,0.498
0.280,0.734,0.512,-1.633,2.345,1.174,1.172,0.464
0.300,0.780,0.533,-1.610,2.299,1.045,1.149,0.427
0.320,0.825,0.551,-1.588,2.249,0.911,1.125,0.385
0.340,0.869,0.567,-1.566,2.197,0.772,1.099,0.338
0.360,0.912,0.579,-1.544,2.143,0.629,1.071,0.286
0.380,0.953,0.589,-1.523,2.085,0.483,1.043,0.228
0.400,0.994,0.596,-1.503,2.025,0.335,1.013,0.164
0.420,1.033,0.599,-1.483,1.963,0.185,0.981,0.094
0.440,1.071,0.600,-1.465,1.898,0.034,0.949,0.018
0.460,1.108,0.598,-1.446,1.830,-0.117,0.915,-0.064
0.480,1.143,0.592,-1.429,1.760,-0.268,0.880,-0.151
0.500,1.177,0.584,-1.412,1.688,-0.417,0.844,-0.242
0.520,1.209,0.573,-1.396,1.614,-0.564,0.807,-0.336
0.540,1.240,0.558,-1.380,1.538,-0.708,0.769,-0.432
0.560,1.269,0.541,-1.366,1.460,-0.849,0.730,-0.527
0.580,1.296,0.522,-1.352,1.380,-0.985,0.690,-0.620
0.600,1.322,0.499,-1.339,1.298,-1.117,0.649,-0.710
0.620,1.347,0.475,-1.327,1.215,-1.243,0.607,-0.797
0.640,1.369,0.447,-1.315,1.130,-1.362,0.565,-0.878
0.660,1.390,0.418,-1.305,1.044,-1.475,0.522,-0.955
0.680,1.409,0.386,-1.295,0.956,-1.580,0.478,-1.027
0.700,1.427,0.353,-1.287,0.867,-1.677,0.434,-1.094
0.720,1.442,0.317,-1.279,0.778,-1.766,0.389,-1.156
0.740,1.456,0.280,-1.272,0.687,-1.846,0.343,-1.215
0.760,1.468,0.242,-1.266,0.595,-1.917,0.297,-1.270
0.780,1.478,0.202,-1.261,0.502,-1.978,0.251,-1.322
0.800,1.486,0.162,-1.257,0.409,-2.029,0.205,-1.372
0.820,1.492,0.121,-1.254,0.316,-2.070,0.158,-1.419
0.840,1.497,0.079,-1.252,0.222,-2.100,0.111,-1.466
0.860,1.499,0.036,-1.250,0.127,-2.120,0.064,-1.511
0.880,1.500,-0.006,-1.250,0.033,-2.129,0.016,-1.555
0.900,1.499,-0.049,-1.251,-0.062,-2.127,-0.031,-1.600
0.920,1.496,-0.091,-1.252,-0.156,-2.115,-0.078,-1.644
0.940,1.491,-0.133,-1.255,-0.250,-2.092,-0.125,-1.690
0.960,1.484,-0.174,-1.258,-0.344,-2.058,-0.172,-1.736
0.980,1.475,-0.215,-1.263,-0.438,-2.014,-0.219,-1.785
1.000,1.464,-0.254,-1.268,-0.531,-1.960,-0.265,-1.835
1.020,1.452,-0.292,-1.274,-0.623,-1.896,-0.311,-1.888
1.040,1.438,-0.328,-1.281,-0.714,-1.823,-0.357,-1.944
1.060,1.422,-0.363,-1.289,-0.805,-1.740,-0.402,-2.004
1.080,1.404,-0.396,-1.298,-0.894,-1.649,-0.447,-2.068
1.100,1.384,-0.427,-1.308,-0.983,-1.549,-0.491,-2.136
1.120,1.363,-0.456,-1.319,-1.070,-1.441,-0.535,-2.209
1.140,1.339,-0.482,-1.330,-1.156,-1.327,-0.578,-2.288
1.160,1.315,-0.506,-1.343,-1.240,-1.205,-0.620,-2.371
1.180,1.288,-0.528,-1.356,-1.323,-1.078,-0.662,-2.458
1.200,1.260,-0.547,-1.370,-1.404,-0.945,-0.702,-2.550
1.220,1.230,-0.563,-1.385,-1.484,-0.807,-0.742,-2.644
1.240,1.199,-0.576,-1.400,-1.561,-0.665,-0.781,-2.739
1.260,1.166,-0.587,-1.417,-1.637,-0.520,-0.818,-2.834
1.280,1.132,-0.594,-1.434,-1.710,-0.372,-0.855,-2.927
1.300,1.097,-0.599,-1.452,-1.782,-0.222,-0.891,-3.018
1.320,1.057,-0.600,-1.472,-2.002,-0.071,-1.001,-3.106
1.340,1.015,-0.598,-1.492,-2.079,0.106,-1.040,3.091
1.360,0.972,-0.592,-1.514,-2.154,0.281,-1.077,3.012
1.380,0.927,-0.583,-1.536,-2.225,0.455,-1.113,2.940
1.400,0.882,-0.571,-1.559,-2.294,0.627,-1.147,2.875
1.420,0.834,-0.555,-1.583,-2.358,0.794,-1.179,2.817
1.440,0.786,-0.536,-1.607,-2.420,0.957,-1.210,2.765
1.460,0.736,-0.513,-1.632,-2.477,1.115,-1.239,2.719
1.480,0.686,-0.488,-1.657,-2.532,1.266,-1.266,2.678
1.500,0.634,-0.460,-1.683,-2.582,1.409,-1.291,2.642
1.520,0.582,-0.429,-1.709,-2.629,1.544,-1.314,2.610
1.540,0.528,-0.395,-1.736,-2.671,1.670,-1.336,2.583
1.560,0.474,-0.360,-1.763,-2.710,1.786,-1.355,2.559
1.580,0.419,-0.322,-1.790,-2.745,1.892,-1.372,2.538
1.600,0.364,-0.282,-1.818,-2.776,1.987,-1.388,2.520
1.620,0.308,-0.241,-1.846,-2.802,2.070,-1.401,2.505
1.640,0.251,-0.198,-1.874,-2.825,2.140,-1.413,2.493
1.660,0.194,-0.154,-1.903,-2.843,2.199,-1.422,2.483
1.680,0.137,-0.109,-1.932,-2.858,2.244,-1.429,2.476
1.700,0.080,-0.064,-1.960,-2.868,2.276,-1.434,2.471
1.720,0.022,-0.018,-1.989,-2.874,2.295,-1.437,2.468
1.740,-0.035,0.028,-2.018,-2.875,2.300,-1.438,2.467
1.760,-0.092,0.074,-2.046,-2.858,2.279,-1.429,2.468
1.780,-0.149,0.119,-2.075,-2.827,2.239,-1.413,2.472
1.800,-0.205,0.162,-2.102,-2.792,2.186,-1.396,2.477
1.820,-0.260,0.205,-2.130,-2.754,2.123,-1.377,2.485
1.840,-0.314,0.246,-2.157,-2.713,2.049,-1.357,2.495
1.860,-0.368,0.285,-2.184,-2.670,1.966,-1.335,2.507
1.880,-0.420,0.323,-2.210,-2.623,1.875,-1.312,2.521
1.900,-0.472,0.358,-2.236,-2.574,1.776,-1.287,2.538
1.920,-0.522,0.392,-2.261,-2.523,1.670,-1.262,2.557
1.940,-0.572,0.423,-2.286,-2.479,1.563,-1.240,2.579
1.960,-0.620,0.452,-2.310,-2.443,1.457,-1.222,2.604
1.980,-0.669,0.479,-2.334,-2.404,1.343,-1.202,2.632
2.000,-0.716,0.503,-2.358,-2.362,1.222,-1.181,2.664
2.020,-0.762,0.525,-2.381,-2.317,1.096,-1.158,2.700
2.040,-0.808,0.544,-2.404,-2.269,0.963,-1.134,2.740
2.060,-0.852,0.561,-2.426,-2.218,0.826,-1.109,2.785
2.080,-0.895,0.575,-2.448,-2.164,0.685,-1.082,2.835
2.100,-0.937,0.585,-2.469,-2.108,0.540,-1.054,2.891
2.120,-0.978,0.593,-2.489,-2.049,0.392,-1.024,2.952
2.140,-1.018,0.598,-2.509,-1.987,0.243,-0.994,3.020
2.160,-1.056,0.600,-2.528,-1.923,0.092,-0.961,3.094
2.180,-1.094,0.599,-2.547,-1.856,-0.059,-0.928,-3.110
2.200,-1.129,0.595,-2.565,-1.787,-0.210,-0.894,-3.025
2.220,-1.164,0.587,-2.582,-1.716,-0.360,-0.858,-2.935
2.240,-1.197,0.577,-2.598,-1.643,-0.508,-0.821,-2.842
2.260,-1.228,0.564,-2.614,-1.568,-0.653,-0.784,-2.747
2.280,-1.258,0.548,-2.629,-1.490,-0.795,-0.745,-2.651
2.300,-1.286,0.530,-2.643,-1.411,-0.933,-0.705,-2.557
2.320,-1.313,0.508,-2.656,-1.330,-1.067,-0.665,-2.466
2.340,-1.337,0.484,-2.669,-1.247,-1.195,-0.624,-2.378
2.360,-1.361,0.458,-2.680,-1.163,-1.317,-0.582,-2.294
2.380,-1.382,0.429,-2.691,-1.077,-1.432,-0.539,-2.216
2.400,-1.402,0.399,-2.701,-0.990,-1.540,-0.495,-2.142
2.420,-1.420,0.366,-2.710,-0.902,-1.641,-0.451,-2.073
2.440,-1.436,0.331,-2.718,-0.812,-1.733,-0.406,-2.009
2.460,-1.451,0.295,-2.725,-0.722,-1.816,-0.361,-1.949
2.480,-1.463,0.257,-2.732,-0.630,-1.891,-0.315,-1.893
2.500,-1.474,0.218,-2.737,-0.538,-1.955,-0.269,-1.839
2.520,-1.483,0.178,-2.742,-0.445,-2.010,-0.223,-1.789
2.540,-1.490,0.137,-2.745,-0.352,-2.055,-0.176,-1.740
2.560,-1.495,0.095,-2.748,-0.258,-2.090,-0.129,-1.694
2.580,-1.499,0.053,-2.749,-0.164,-2.113,-0.082,-1.648
2.600,-1.500,0.010,-2.750,-0.069,-2.127,-0.035,-1.603
2.620,-1.499,-0.033,-2.750,0.025,-2.129,0.013,-1.559
2.640,-1.497,-0.075,-2.749,0.120,-2.121,0.060,-1.514
2.660,-1.493,-0.117,-2.746,0.214,-2.102,0.107,-1.469
2.680,-1.487,-0.159,-2.743,0.308,-2.073,0.154,-1.423
2.700,-1.479,-0.199,-2.739,0.402,-2.033,0.201,-1.376
2.720,-1.469,-0.239,-2.734,0.495,-1.982,0.247,-1.326
2.740,-1.457,-0.277,-2.728,0.587,-1.922,0.294,-1.274
2.760,-1.443,-0.314,-2.722,0.679,-1.852,0.340,-1.219
2.780,-1.428,-0.350,-2.714,0.770,-1.773,0.385,-1.161
2.800,-1.411,-0.383,-2.705,0.860,-1.685,0.430,-1.099
2.820,-1.392,-0.415,-2.696,0.949,-1.589,0.474,-1.032
2.840,-1.371,-0.445,-2.686,1.037,-1.484,0.518,-0.961
2.860,-1.349,-0.472,-2.674,1.123,-1.372,0.561,-0.885
2.880,-1.324,-0.497,-2.662,1.208,-1.253,0.604,-0.804
2.900,-1.299,-0.520,-2.649,1.291,-1.127,0.646,-0.718
2.920,-1.271,-0.540,-2.636,1.373,-0.996,0.687,-0.628
2.940,-1.242,-0.557,-2.621,1.453,-0.860,0.727,-0.535
2.960,-1.211,-0.572,-2.606,1.532,-0.720,0.766,-0.440
2.980,-1.179,-0.583,-2.590,1.608,-0.576,0.804,-0.344
3.000,-1.146,-0.592,-2.573,1.682,-0.429,0.841,-0.250
3.020,-1.111,-0.597,-2.555,1.754,-0.280,0.877,-0.158
3.040,-1.074,-0.600,-2.537,1.824,-0.130,0.912,-0.071
3.060,-1.033,-0.599,-2.517,2.046,0.030,1.023,0.014
3.080,-0.991,-0.595,-2.495,2.122,0.206,1.061,0.097
3.100,-0.947,-0.587,-2.473,2.195,0.381,1.097,0.172
3.120,-0.902,-0.576,-2.451,2.265,0.553,1.132,0.240
3.140,-0.855,-0.562,-2.427,2.331,0.723,1.165,0.301
3.160,-0.807,-0.544,-2.404,2.394,0.888,1.197,0.355
3.180,-0.758,-0.523,-2.379,2.453,1.048,1.226,0.404
3.200,-0.708,-0.499,-2.354,2.509,1.201,1.254,0.447
3.220,-0.657,-0.472,-2.328,2.561,1.348,1.280,0.485
3.240,-0.604,-0.443,-2.302,2.609,1.487,1.304,0.518
3.260,-0.551,-0.410,-2.276,2.653,1.617,1.327,0.547
3.280,-0.497,-0.375,-2.249,2.694,1.737,1.347,0.573
3.300,-0.443,-0.338,-2.221,2.730,1.848,1.365,0.595
3.320,-0.388,-0.300,-2.194,2.763,1.947,1.381,0.614
3.340,-0.332,-0.259,-2.166,2.791,2.035,1.396,0.630
3.360,-0.275,-0.217,-2.138,2.816,2.111,1.408,0.643
3.380,-0.219,-0.173,-2.109,2.836,2.175,1.418,0.654
3.400,-0.162,-0.129,-2.081,2.852,2.226,1.426,0.663
3.420,-0.104,-0.083,-2.052,2.864,2.264,1.432,0.669
3.440,-0.047,-0.038,-2.023,2.872,2.288,1.436,0.673
3.460,0.011,0.008,-1.995,2.875,2.299,1.438,0.675
3.480,0.068,0.054,-1.966,2.870,2.293,1.435,0.674
3.500,0.125,0.099,-1.938,2.841,2.258,1.420,0.672
3.520,0.181,0.144,-1.910,2.808,2.210,1.404,0.667
3.540,0.236,0.187,-1.882,2.771,2.152,1.386,0.660
3.560,0.291,0.228,-1.855,2.731,2.082,1.366,0.651
3.580,0.345,0.268,-1.828,2.689,2.003,1.344,0.640
3.600,0.398,0.307,-1.801,2.644,1.915,1.322,0.627
3.620,0.450,0.343,-1.775,2.596,1.819,1.298,0.611
3.640,0.500,0.377,-1.750,2.546,1.716,1.273,0.593
3.660,0.550,0.410,-1.725,2.494,1.607,1.247,0.572
3.680,0.599,0.440,-1.700,2.459,1.504,1.230,0.549
3.700,0.648,0.467,-1.676,2.421,1.393,1.211,0.522
3.720,0.696,0.493,-1.652,2.380,1.275,1.190,0.492
3.740,0.742,0.516,-1.629,2.337,1.151,1.168,0.458
3.760,0.788,0.536,-1.606,2.290,1.021,1.145,0.419
3.780,0.833,0.554,-1.584,2.240,0.886,1.120,0.377
3.800,0.877,0.569,-1.562,2.188,0.746,1.094,0.329
3.820,0.919,0.581,-1.540,2.132,0.603,1.066,0.276
3.840,0.961,0.590,-1.520,2.075,0.456,1.037,0.217
3.860,1.001,0.596,-1.499,2.014,0.308,1.007,0.152
3.880,1.040,0.600,-1.480,1.951,0.158,0.975,0.081
3.900,1.078,0.600,-1.461,1.885,0.006,0.943,0.003
3.920,1.114,0.597,-1.443,1.818,-0.145,0.909,-0.079
3.940,1.149,0.591,-1.425,1.747,-0.295,0.874,-0.167
3.960,1.183,0.582,-1.409,1.675,-0.444,0.837,-0.259
3.980,1.215,0.570,-1.393,1.600,-0.591,0.800,-0.353
4.000,1.245,0.556,-1.377,1.524,-0.734,0.762,-0.449
4.020,1.274,0.538,-1.363,1.445,-0.874,0.723,-0.544
4.040,1.301,0.518,-1.349,1.365,-1.010,0.683,-0.637
4.060,1.327,0.495,-1.337,1.283,-1.140,0.642,-0.726
4.080,1.351,0.470,-1.325,1.200,-1.265,0.600,-0.812
4.100,1.373,0.442,-1.313,1.114,-1.383,0.557,-0.893
4.120,1.394,0.412,-1.303,1.028,-1.495,0.514,-0.968
4.140,1.413,0.380,-1.294,0.940,-1.598,0.470,-1.039
4.160,1.430,0.346,-1.285,0.851,-1.694,0.426,-1.105
4.180,1.445,0.311,-1.278,0.761,-1.781,0.381,-1.167
4.200,1.458,0.274,-1.271,0.670,-1.860,0.335,-1.225
4.220,1.470,0.235,-1.265,0.578,-1.929,0.289,-1.280
4.240,1.479,0.195,-1.260,0.486,-1.988,0.243,-1.331
4.260,1.487,0.154,-1.256,0.392,-2.037,0.196,-1.381
4.280,1.493,0.113,-1.253,0.299,-2.076,0.149,-1.428
4.300,1.497,0.071,-1.251,0.205,-2.104,0.102,-1.474
4.320,1.500,0.028,-1.250,0.110,-2.122,0.055,-1.519
4.340,1.500,-0.014,-1.250,0.016,-2.129,0.008,-1.563
4.360,1.498,-0.057,-1.251,-0.079,-2.126,-0.039,-1.608
4.380,1.495,-0.099,-1.253,-0.173,-2.112,-0.087,-1.653
4.400,1.490,-0.141,-1.255,-0.267,-2.087,-0.134,-1.698
4.420,1.482,-0.182,-1.259,-0.361,-2.051,-0.181,-1.745
4.440,1.473,-0.222,-1.263,-0.455,-2.005,-0.227,-1.794
4.460,1.462,-0.261,-1.269,-0.547,-1.949,-0.274,-1.845
4.480,1.449,-0.298,-1.275,-0.640,-1.884,-0.320,-1.898
4.500,1.435,-0.335,-1.283,-0.731,-1.809,-0.365,-1.955
4.520,1.418,-0.369,-1.291,-0.821,-1.724,-0.411,-2.015
4.540,1.400,-0.402,-1.300,-0.911,-1.631,-0.455,-2.080
4.560,1.380,-0.432,-1.310,-0.999,-1.530,-0.499,-2.149
4.580,1.359,-0.461,-1.321,-1.086,-1.421,-0.543,-2.223
4.600,1.335,-0.487,-1.332,-1.171,-1.305,-0.586,-2.302
4.620,1.310,-0.511,-1.345,-1.256,-1.182,-0.628,-2.386
4.640,1.283,-0.532,-1.358,-1.338,-1.054,-0.669,-2.475
4.660,1.255,-0.550,-1.373,-1.419,-0.920,-0.709,-2.566
4.680,1.225,-0.566,-1.388,-1.498,-0.781,-0.749,-2.661
4.700,1.193,-0.578,-1.403,-1.575,-0.639,-0.788,-2.756
4.720,1.160,-0.588,-1.420,-1.650,-0.493,-0.825,-2.851
4.740,1.126,-0.595,-1.437,-1.723,-0.345,-0.862,-2.944
4.760,1.090,-0.599,-1.455,-1.794,-0.195,-0.897,-3.033
4.780,1.050,-0.600,-1.475,-2.015,-0.041,-1.008,-3.121
4.800,1.008,-0.597,-1.496,-2.092,0.135,-1.046,3.077
4.820,0.965,-0.591,-1.518,-2.166,0.311,-1.083,2.999
4.840,0.920,-0.581,-1.540,-2.237,0.485,-1.119,2.928
4.860,0.874,-0.568,-1.563,-2.305,0.655,-1.152,2.865
4.880,0.826,-0.552,-1.587,-2.369,0.822,-1.184,2.807
4.900,0.778,-0.532,-1.611,-2.430,0.984,-1.215,2.757
4.920,0.728,-0.509,-1.636,-2.487,1.141,-1.243,2.712
4.940,0.677,-0.483,-1.661,-2.540,1.290,-1.270,2.672
4.960,0.625,-0.455,-1.687,-2.590,1.432,-1.295,2.636
4.980,0.573,-0.423,-1.714,-2.636,1.566,-1.318,2.606
5.000,0.519,-0.390,-1.740,-2.678,1.690,-1.339,2.579
5.020,0.465,-0.354,-1.768,-2.716,1.805,-1.358,2.555
5.040,0.410,-0.315,-1.795,-2.750,1.909,-1.375,2.535
5.060,0.354,-0.275,-1.823,-2.781,2.001,-1.390,2.518
5.080,0.298,-0.234,-1.851,-2.807,2.082,-1.403,2.503
5.100,0.241,-0.191,-1.879,-2.828,2.151,-1.414,2.491
5.120,0.185,-0.147,-1.908,-2.846,2.207,-1.423,2.482
5.140,0.127,-0.102,-1.936,-2.860,2.250,-1.430,2.475
5.160,0.070,-0.056,-1.965,-2.869,2.280,-1.435,2.470
5.180,0.012,-0.010,-1.994,-2.874,2.296,-1.437,2.467
5.200,-0.045,0.036,-2.023,-2.875,2.299,-1.438,2.467
5.220,-0.102,0.081,-2.051,-2.853,2.274,-1.426,2.469
5.240,-0.159,0.126,-2.079,-2.821,2.231,-1.411,2.473
5.260,-0.214,0.170,-2.107,-2.786,2.176,-1.393,2.478
5.280,-0.269,0.212,-2.135,-2.748,2.111,-1.374,2.486
5.300,-0.323,0.253,-2.162,-2.706,2.036,-1.353,2.497
5.320,-0.377,0.292,-2.188,-2.662,1.951,-1.331,2.509
5.340,-0.429,0.329,-2.214,-2.615,1.858,-1.308,2.524
5.360,-0.480,0.364,-2.240,-2.566,1.758,-1.283,2.541
5.380,-0.530,0.397,-2.265,-2.515,1.651,-1.257,2.561
5.400,-0.580,0.428,-2.290,-2.473,1.546,-1.237,2.583
5.420,-0.629,0.457,-2.314,-2.437,1.438,-1.218,2.608
5.440,-0.677,0.483,-2.338,-2.397,1.323,-1.199,2.637
5.460,-0.724,0.507,-2.362,-2.354,1.201,-1.177,2.670
5.480,-0.770,0.529,-2.385,-2.309,1.074,-1.154,2.706
5.500,-0.815,0.547,-2.408,-2.260,0.940,-1.130,2.747
5.520,-0.859,0.563,-2.430,-2.209,0.802,-1.104,2.793
5.540,-0.902,0.577,-2.451,-2.155,0.661,-1.077,2.844
5.560,-0.944,0.587,-2.472,-2.098,0.515,-1.049,2.901
5.580,-0.985,0.594,-2.493,-2.038,0.367,-1.019,2.963
5.600,-1.025,0.599,-2.512,-1.976,0.218,-0.988,3.032
5.620,-1.063,0.600,-2.531,-1.912,0.067,-0.956,3.107
5.640,-1.100,0.598,-2.550,-1.845,-0.084,-0.922,-3.096
5.660,-1.135,0.594,-2.568,-1.776,-0.235,-0.888,-3.010
5.680,-1.169,0.586,-2.585,-1.704,-0.385,-0.852,-2.920
5.700,-1.202,0.575,-2.601,-1.630,-0.532,-0.815,-2.826
5.720,-1.233,0.562,-2.617,-1.555,-0.677,-0.777,-2.731
5.740,-1.263,0.545,-2.631,-1.477,-0.819,-0.738,-2.635
5.760,-1.291,0.526,-2.645,-1.397,-0.956,-0.699,-2.542
5.780,-1.317,0.504,-2.658,-1.316,-1.089,-0.658,-2.450
5.800,-1.342,0.480,-2.671,-1.233,-1.216,-0.617,-2.363
5.820,-1.364,0.453,-2.682,-1.149,-1.337,-0.574,-2.281
5.840,-1.386,0.424,-2.693,-1.063,-1.451,-0.531,-2.203
5.860,-1.405,0.393,-2.703,-0.975,-1.558,-0.488,-2.130
5.880,-1.423,0.360,-2.711,-0.887,-1.657,-0.443,-2.062
5.900,-1.439,0.325,-2.719,-0.797,-1.748,-0.399,-1.999
5.920,-1.453,0.289,-2.727,-0.707,-1.830,-0.353,-1.939
5.940,-1.465,0.250,-2.733,-0.615,-1.902,-0.307,-1.883
5.960,-1.476,0.211,-2.738,-0.523,-1.965,-0.261,-1.831
5.980,-1.484,0.171,-2.742,-0.430,-2.019,-0.215,-1.781
6.000,-1.491,0.130,-2.746,-0.336,-2.062,-0.168,-1.732
6.020,-1.496,0.088,-2.748,-0.242,-2.094,-0.121,-1.686
6.040,-1.499,0.045,-2.749,-0.148,-2.116,-0.074,-1.641
6.060,-1.500,0.003,-2.750,-0.053,-2.128,-0.027,-1.596
6.080,-1.499,-0.040,-2.750,0.041,-2.129,0.021,-1.552
6.100,-1.496,-0.082,-2.748,0.135,-2.119,0.068,-1.507
6.120,-1.492,-0.124,-2.746,0.230,-2.098,0.115,-1.462
6.140,-1.485,-0.165,-2.743,0.324,-2.067,0.162,-1.415
6.160,-1.477,-0.206,-2.739,0.417,-2.025,0.209,-1.368
6.180,-1.467,-0.245,-2.733,0.510,-1.973,0.255,-1.318
6.200,-1.455,-0.284,-2.727,0.603,-1.911,0.301,-1.265
6.220,-1.441,-0.320,-2.720,0.695,-1.840,0.347,-1.210
6.240,-1.425,-0.356,-2.713,0.785,-1.759,0.393,-1.151
6.260,-1.408,-0.389,-2.704,0.875,-1.669,0.438,-1.088
6.280,-1.388,-0.420,-2.694,0.964,-1.571,0.482,-1.021
6.300,-1.367,-0.450,-2.684,1.051,-1.465,0.526,-0.949
6.320,-1.345,-0.477,-2.672,1.137,-1.352,0.569,-0.871
6.340,-1.320,-0.501,-2.660,1.222,-1.232,0.611,-0.789
6.360,-1.294,-0.524,-2.647,1.305,-1.106,0.653,-0.703
6.380,-1.266,-0.543,-2.633,1.387,-0.974,0.693,-0.612
6.400,-1.237,-0.560,-2.619,1.467,-0.837,0.733,-0.519
6.420,-1.206,-0.574,-2.603,1.545,-0.696,0.772,-0.423
6.440,-1.174,-0.585,-2.587,1.621,-0.552,0.810,-0.328
6.460,-1.140,-0.593,-2.570,1.695,-0.404,0.847,-0.234
6.480,-1.104,-0.598,-2.552,1.766,-0.255,0.883,-0.143
6.500,-1.068,-0.600,-2.534,1.836,-0.104,0.918,-0.057
6.520,-1.027,-0.599,-2.513,2.058,0.057,1.029,0.028
6.540,-0.984,-0.594,-2.492,2.134,0.233,1.067,0.109
6.560,-0.940,-0.586,-2.470,2.206,0.408,1.103,0.183
6.580,-0.894,-0.574,-2.447,2.275,0.580,1.138,0.250
6.600,-0.847,-0.559,-2.424,2.341,0.749,1.170,0.310
6.620,-0.799,-0.541,-2.400,2.403,0.913,1.202,0.363
6.640,-0.750,-0.520,-2.375,2.462,1.072,1.231,0.411
6.660,-0.700,-0.495,-2.350,2.517,1.225,1.258,0.453
6.680,-0.648,-0.468,-2.324,2.568,1.370,1.284,0.490
6.700,-0.596,-0.438,-2.298,2.616,1.508,1.308,0.523
6.720,-0.543,-0.405,-2.271,2.660,1.636,1.330,0.552
6.740,-0.489,-0.370,-2.244,2.700,1.755,1.350,0.577
6.760,-0.434,-0.333,-2.217,2.736,1.864,1.368,0.598
6.780,-0.379,-0.293,-2.189,2.768,1.962,1.384,0.617
6.800,-0.323,-0.252,-2.161,2.795,2.048,1.398,0.632
6.820,-0.267,-0.210,-2.133,2.819,2.122,1.410,0.645
6.840,-0.210,-0.166,-2.105,2.839,2.184,1.419,0.656
6.860,-0.153,-0.122,-2.076,2.854,2.233,1.427,0.664
6.880,-0.095,-0.076,-2.048,2.865,2.268,1.433,0.670
6.900,-0.038,-0.030,-2.019,2.872,2.291,1.436,0.673
6.920,0.020,0.016,-1.990,2.875,2.300,1.438,0.675
6.940,0.077,0.061,-1.962,2.866,2.288,1.433,0.674
6.960,0.134,0.106,-1.933,2.836,2.251,1.418,0.671
6.980,0.190,0.150,-1.905,2.802,2.202,1.401,0.666
7.000,0.245,0.193,-1.878,2.765,2.141,1.383,0.659
7.020,0.299,0.235,-1.850,2.725,2.070,1.363,0.650
7.040,0.353,0.274,-1.823,2.682,1.990,1.341,0.638
7.060,0.406,0.312,-1.797,2.636,1.901,1.318,0.625
7.080,0.458,0.349,-1.771,2.588,1.804,1.294,0.609
7.100,0.508,0.383,-1.746,2.538,1.699,1.269,0.590
7.120,0.558,0.414,-1.721,2.488,1.591,1.244,0.569
7.140,0.607,0.444,-1.696,2.453,1.487,1.227,0.545
7.160,0.655,0.472,-1.672,2.415,1.375,1.208,0.518
7.180,0.703,0.497,-1.649,2.374,1.256,1.187,0.487
7.200,0.749,0.519,-1.625,2.329,1.131,1.165,0.452
7.220,0.795,0.539,-1.602,2.282,1.000,1.141,0.413
7.240,0.840,0.557,-1.580,2.232,0.864,1.116,0.369
7.260,0.883,0.571,-1.558,2.179,0.724,1.090,0.321
7.280,0.926,0.583,-1.537,2.124,0.580,1.062,0.267
7.300,0.967,0.591,-1.516,2.065,0.433,1.033,0.207
7.320,1.007,0.597,-1.496,2.004,0.284,1.002,0.141
7.340,1.046,0.600,-1.477,1.941,0.134,0.970,0.069
7.360,1.084,0.599,-1.458,1.875,-0.017,0.937,-0.009
7.380,1.120,0.596,-1.440,1.807,-0.168,0.903,-0.093
7.400,1.154,0.590,-1.423,1.736,-0.318,0.868,-0.181
7.420,1.188,0.580,-1.406,1.663,-0.467,0.832,-0.274
7.440,1.219,0.568,-1.390,1.589,-0.613,0.794,-0.368
7.460,1.250,0.553,-1.375,1.512,-0.756,0.756,-0.464
7.480,1.278,0.535,-1.361,1.433,-0.896,0.717,-0.559
7.500,1.305,0.514,-1.347,1.352,-1.030,0.676,-0.651
7.520,1.331,0.491,-1.335,1.270,-1.160,0.635,-0.740
7.540,1.354,0.466,-1.323,1.186,-1.284,0.593,-0.825
7.560,1.377,0.438,-1.312,1.101,-1.401,0.551,-0.905
7.580,1.397,0.407,-1.302,1.014,-1.511,0.507,-0.980
7.600,1.415,0.375,-1.292,0.926,-1.614,0.463,-1.050
7.620,1.432,0.341,-1.284,0.837,-1.708,0.419,-1.115
7.640,1.447,0.305,-1.276,0.747,-1.794,0.373,-1.176
7.660,1.460,0.268,-1.270,0.656,-1.871,0.328,-1.234
7.680,1.471,0.229,-1.264,0.564,-1.939,0.282,-1.288
7.700,1.481,0.189,-1.260,0.471,-1.996,0.236,-1.339
7.720,1.488,0.148,-1.256,0.378,-2.044,0.189,-1.388
7.740,1.494,0.106,-1.253,0.284,-2.081,0.142,-1.435
7.760,1.498,0.064,-1.251,0.190,-2.108,0.095,-1.481
7.780,1.500,0.022,-1.250,0.095,-2.124,0.048,-1.526
7.800,1.500,-0.021,-1.250,0.001,-2.130,0.000,-1.570
7.820,1.498,-0.063,-1.251,-0.094,-2.124,-0.047,-1.615
7.840,1.494,-0.106,-1.253,-0.188,-2.108,-0.094,-1.660
7.860,1.489,-0.147,-1.256,-0.282,-2.082,-0.141,-1.705
7.880,1.481,-0.188,-1.260,-0.376,-2.045,-0.188,-1.753
7.900,1.472,-0.228,-1.264,-0.469,-1.997,-0.235,-1.802
7.920,1.460,-0.267,-1.270,-0.562,-1.940,-0.281,-1.853
7.940,1.447,-0.304,-1.276,-0.654,-1.873,-0.327,-1.907
7.960,1.432,-0.340,-1.284,-0.745,-1.796,-0.373,-1.964
7.980,1.416,-0.374,-1.292,-0.835,-1.710,-0.418,-2.025
8.000,1.397,-0.407,-1.301,-0.925,-1.616,-0.462,-2.090
8.020,1.377,-0.437,-1.312,-1.013,-1.514,-0.506,-2.160
8.040,1.355,-0.465,-1.323,-1.099,-1.403,-0.550,-2.235
8.060,1.331,-0.491,-1.334,-1.185,-1.286,-0.592,-2.315
8.080,1.306,-0.514,-1.347,-1.269,-1.163,-0.634,-2.400
8.100,1.279,-0.535,-1.361,-1.351,-1.033,-0.675,-2.489
8.120,1.250,-0.553,-1.375,-1.431,-0.898,-0.716,-2.581
8.140,1.220,-0.568,-1.390,-1.510,-0.759,-0.755,-2.676
8.160,1.188,-0.580,-1.406,-1.587,-0.616,-0.794,-2.771
8.180,1.155,-0.590,-1.422,-1.662,-0.470,-0.831,-2.866
8.200,1.120,-0.596,-1.440,-1.735,-0.321,-0.867,-2.958
8.220,1.084,-0.599,-1.458,-1.805,-0.171,-0.903,-3.047
8.240,1.044,-0.600,-1.478,-2.026,-0.015,-1.013,-3.134
8.260,1.002,-0.596,-1.499,-2.103,0.161,-1.052,3.065
8.280,0.958,-0.590,-1.521,-2.177,0.336,-1.088,2.988
8.300,0.913,-0.580,-1.543,-2.247,0.509,-1.124,2.919
8.320,0.867,-0.566,-1.567,-2.314,0.680,-1.157,2.856
8.340,0.819,-0.549,-1.590,-2.378,0.846,-1.189,2.800
8.360,0.771,-0.529,-1.615,-2.438,1.007,-1.219,2.750
8.380,0.721,-0.506,-1.640,-2.495,1.163,-1.247,2.705
8.400,0.670,-0.479,-1.665,-2.548,1.311,-1.274,2.666
8.420,0.618,-0.450,-1.691,-2.597,1.452,-1.298,2.632
8.440,0.565,-0.419,-1.718,-2.642,1.585,-1.321,2.601
8.460,0.511,-0.385,-1.744,-2.684,1.708,-1.342,2.575
8.480,0.457,-0.348,-1.772,-2.721,1.821,-1.361,2.552
8.500,0.402,-0.310,-1.799,-2.755,1.923,-1.378,2.532
8.520,0.346,-0.269,-1.827,-2.785,2.014,-1.392,2.515
8.540,0.290,-0.228,-1.855,-2.810,2.093,-1.405,2.501
8.560,0.233,-0.184,-1.883,-2.831,2.160,-1.416,2.490
8.580,0.176,-0.140,-1.912,-2.848,2.214,-1.424,2.481
8.600,0.119,-0.095,-1.940,-2.861,2.255,-1.431,2.474
8.620,0.062,-0.049,-1.969,-2.870,2.283,-1.435,2.470
8.640,0.004,-0.003,-1.998,-2.875,2.298,-1.437,2.467
8.660,-0.053,0.043,-2.027,-2.875,2.299,-1.437,2.467
8.680,-0.110,0.088,-2.055,-2.848,2.268,-1.424,2.469
8.700,-0.167,0.132,-2.083,-2.816,2.224,-1.408,2.473
8.720,-0.222,0.176,-2.111,-2.781,2.168,-1.390,2.479
8.740,-0.277,0.218,-2.139,-2.742,2.101,-1.371,2.488
8.760,-0.331,0.258,-2.166,-2.700,2.024,-1.350,2.498
8.780,-0.384,0.297,-2.192,-2.655,1.938,-1.328,2.511
8.800,-0.436,0.334,-2.218,-2.608,1.844,-1.304,2.526
8.820,-0.488,0.369,-2.244,-2.559,1.743,-1.279,2.544
8.840,-0.538,0.402,-2.269,-2.507,1.635,-1.254,2.564
8.860,-0.587,0.432,-2.294,-2.468,1.531,-1.234,2.586
8.880,-0.636,0.461,-2.318,-2.431,1.422,-1.216,2.612
8.900,-0.683,0.487,-2.342,-2.391,1.306,-1.196,2.642
8.920,-0.730,0.510,-2.365,-2.348,1.183,-1.174,2.675
8.940,-0.776,0.531,-2.388,-2.302,1.055,-1.151,2.712
8.960,-0.822,0.550,-2.411,-2.253,0.921,-1.127,2.754
8.980,-0.866,0.566,-2.433,-2.201,0.782,-1.101,2.800
9.000,-0.909,0.578,-2.454,-2.147,0.640,-1.073,2.852
9.020,-0.950,0.588,-2.475,-2.090,0.494,-1.045,2.909
9.040,-0.991,0.595,-2.495,-2.030,0.346,-1.015,2.973
9.060,-1.030,0.599,-2.515,-1.967,0.196,-0.984,3.042
9.080,-1.068,0.600,-2.534,-1.902,0.045,-0.951,3.118
9.100,-1.105,0.598,-2.552,-1.835,-0.106,-0.917,-3.084
9.120,-1.140,0.593,-2.570,-1.765,-0.257,-0.883,-2.997
9.140,-1.174,0.585,-2.587,-1.694,-0.406,-0.847,-2.906
9.160,-1.207,0.573,-2.603,-1.620,-0.553,-0.810,-2.812
9.180,-1.237,0.560,-2.619,-1.544,-0.698,-0.772,-2.717
9.200,-1.267,0.543,-2.633,-1.466,-0.839,-0.733,-2.622
9.220,-1.294,0.523,-2.647,-1.386,-0.976,-0.693,-2.528
9.240,-1.321,0.501,-2.660,-1.304,-1.107,-0.652,-2.438
9.260,-1.345,0.476,-2.672,-1.221,-1.234,-0.610,-2.351
9.280,-1.368,0.449,-2.684,-1.136,-1.354,-0.568,-2.269
9.300,-1.389,0.420,-2.694,-1.050,-1.467,-0.525,-2.192
9.320,-1.408,0.389,-2.704,-0.963,-1.573,-0.481,-2.120
9.340,-1.425,0.355,-2.713,-0.874,-1.671,-0.437,-2.053
9.360,-1.441,0.320,-2.721,-0.784,-1.760,-0.392,-1.990
9.380,-1.455,0.283,-2.727,-0.693,-1.841,-0.347,-1.931
9.400,-1.467,0.245,-2.733,-0.602,-1.912,-0.301,-1.876
9.420,-1.477,0.205,-2.739,-0.509,-1.974,-0.255,-1.823
9.440,-1.485,0.165,-2.743,-0.416,-2.026,-0.208,-1.773
9.460,-1.492,0.124,-2.746,-0.323,-2.067,-0.161,-1.726
9.480,-1.497,0.082,-2.748,-0.229,-2.098,-0.114,-1.679
9.500,-1.499,0.039,-2.750,-0.134,-2.119,-0.067,-1.634
9.520,-1.500,-0.003,-2.750,-0.040,-2.129,-0.020,-1.589
9.540,-1.499,-0.046,-2.749,0.055,-2.128,0.027,-1.545
9.560,-1.496,-0.088,-2.748,0.149,-2.116,0.075,-1.500
9.580,-1.491,-0.130,-2.746,0.243,-2.094,0.122,-1.455
9.600,-1.484,-0.171,-2.742,0.337,-2.061,0.169,-1.409
9.620,-1.476,-0.212,-2.738,0.431,-2.018,0.215,-1.360
9.640,-1.465,-0.251,-2.733,0.524,-1.965,0.262,-1.310
9.660,-1.453,-0.289,-2.726,0.616,-1.901,0.308,-1.257
9.680,-1.439,-0.326,-2.719,0.708,-1.829,0.354,-1.202
9.700,-1.423,-0.361,-2.711,0.798,-1.747,0.399,-1.142
9.720,-1.405,-0.394,-2.702,0.888,-1.656,0.444,-1.079
9.740,-1.385,-0.425,-2.693,0.977,-1.557,0.488,-1.010
9.760,-1.364,-0.454,-2.682,1.064,-1.450,0.532,-0.938
9.780,-1.341,-0.480,-2.671,1.150,-1.335,0.575,-0.860
9.800,-1.317,-0.505,-2.658,1.234,-1.214,0.617,-0.777
9.820,-1.290,-0.527,-2.645,1.317,-1.087,0.659,-0.690
9.840,-1.262,-0.546,-2.631,1.399,-0.954,0.699,-0.599
9.860,-1.233,-0.562,-2.616,1.478,-0.817,0.739,-0.505
9.880,-1.202,-0.575,-2.601,1.556,-0.675,0.778,-0.410
9.900,-1.169,-0.586,-2.584,1.631,-0.530,0.816,-0.314
9.920,-1.135,-0.594,-2.567,1.705,-0.383,0.853,-0.221
9.940,-1.099,-0.598,-2.550,1.777,-0.233,0.888,-0.130
9.960,-1.059,-0.600,-2.530,1.996,-0.082,0.998,-0.041
9.980,-1.018,-0.598,-2.509,2.074,0.094,1.037,0.045
10.000,-0.975,-0.593,-2.487,2.149,0.270,1.075,0.125
10.020,-0.930,-0.584,-2.465,2.221,0.444,1.110,0.197
10.040,-0.885,-0.572,-2.442,2.289,0.615,1.145,0.263
10.060,-0.838,-0.556,-2.419,2.354,0.783,1.177,0.321
10.080,-0.789,-0.537,-2.395,2.416,0.947,1.208,0.374
10.100,-0.740,-0.515,-2.370,2.474,1.104,1.237,0.420
10.120,-0.689,-0.490,-2.345,2.528,1.256,1.264,0.461
10.140,-0.638,-0.462,-2.319,2.579,1.400,1.289,0.497
10.160,-0.585,-0.431,-2.293,2.626,1.535,1.313,0.529
10.180,-0.532,-0.398,-2.266,2.669,1.662,1.334,0.557
10.200,-0.478,-0.362,-2.239,2.708,1.779,1.354,0.581
10.220,-0.423,-0.325,-2.211,2.743,1.885,1.371,0.602
10.240,-0.367,-0.285,-2.184,2.774,1.981,1.387,0.620
10.260,-0.311,-0.244,-2.156,2.801,2.064,1.400,0.635
10.280,-0.255,-0.201,-2.127,2.824,2.136,1.412,0.648
10.300,-0.198,-0.157,-2.099,2.842,2.195,1.421,0.658
10.320,-0.141,-0.112,-2.070,2.857,2.241,1.428,0.665
10.340,-0.083,-0.067,-2.042,2.867,2.274,1.434,0.671
10.360,-0.026,-0.021,-2.013,2.873,2.294,1.437,0.674
10.380,0.031,0.025,-1.984,2.875,2.300,1.438,0.675
10.400,0.089,0.071,-1.956,2.860,2.282,1.430,0.673
10.420,0.145,0.116,-1.927,2.829,2.242,1.414,0.670
10.440,0.201,0.159,-1.899,2.795,2.190,1.397,0.665
10.460,0.256,0.202,-1.872,2.757,2.128,1.379,0.657
10.480,0.311,0.243,-1.845,2.716,2.054,1.358,0.648
10.500,0.364,0.283,-1.818,2.673,1.972,1.336,0.636
10.520,0.417,0.320,-1.792,2.627,1.881,1.313,0.622
10.540,0.468,0.356,-1.766,2.578,1.782,1.289,0.605
10.560,0.519,0.389,-1.741,2.527,1.677,1.263,0.586
10.580,0.568,0.421,-1.716,2.481,1.570,1.241,0.564
10.600,0.617,0.450,-1.691,2.446,1.464,1.223,0.539
10.620,0.665,0.477,-1.667,2.407,1.351,1.203,0.511
10.640,0.713,0.502,-1.644,2.365,1.231,1.182,0.480
10.660,0.759,0.524,-1.620,2.320,1.104,1.160,0.444
10.680,0.805,0.543,-1.598,2.272,0.972,1.136,0.404
10.700,0.849,0.560,-1.576,2.221,0.835,1.111,0.360
10.720,0.892,0.574,-1.554,2.168,0.694,1.084,0.310
10.740,0.935,0.585,-1.533,2.112,0.550,1.056,0.255
10.760,0.976,0.593,-1.512,2.053,0.402,1.026,0.194
10.780,1.015,0.598,-1.492,1.991,0.253,0.996,0.126
10.800,1.054,0.600,-1.473,1.927,0.102,0.964,0.053
10.820,1.091,0.599,-1.454,1.861,-0.049,0.930,-0.026
10.840,1.127,0.595,-1.436,1.792,-0.200,0.896,-0.111
10.860,1.161,0.588,-1.419,1.721,-0.350,0.861,-0.200
10.880,1.194,0.578,-1.403,1.648,-0.498,0.824,-0.293
10.900,1.226,0.565,-1.387,1.573,-0.643,0.786,-0.388
10.920,1.256,0.549,-1.372,1.495,-0.786,0.748,-0.484
10.940,1.284,0.531,-1.358,1.416,-0.924,0.708,-0.578
10.960,1.311,0.510,-1.345,1.335,-1.058,0.668,-0.670
10.980,1.336,0.486,-1.332,1.253,-1.186,0.626,-0.758
11.000,1.359,0.460,-1.320,1.169,-1.309,0.584,-0.842
11.020,1.381,0.431,-1.310,1.083,-1.425,0.542,-0.921
11.040,1.401,0.401,-1.300,0.996,-1.533,0.498,-0.995
11.060,1.419,0.368,-1.291,0.908,-1.634,0.454,-1.064
11.080,1.435,0.334,-1.282,0.818,-1.727,0.409,-1.128
11.100,1.450,0.297,-1.275,0.728,-1.811,0.364,-1.189
11.120,1.463,0.260,-1.269,0.637,-1.886,0.318,-1.245
11.140,1.474,0.221,-1.263,0.544,-1.951,0.272,-1.299
11.160,1.483,0.180,-1.259,0.452,-2.007,0.226,-1.349
11.180,1.490,0.139,-1.255,0.358,-2.052,0.179,-1.398
11.200,1.495,0.098,-1.253,0.264,-2.088,0.132,-1.445
11.220,1.498,0.055,-1.251,0.170,-2.112,0.085,-1.490
11.240,1.500,0.013,-1.250,0.076,-2.126,0.038,-1.535
11.260,1.500,-0.030,-1.250,-0.019,-2.129,-0.009,-1.580
11.280,1.497,-0.072,-1.251,-0.113,-2.122,-0.057,-1.624
11.300,1.493,-0.114,-1.253,-0.208,-2.104,-0.104,-1.669
11.320,1.487,-0.156,-1.256,-0.302,-2.075,-0.151,-1.715
11.340,1.479,-0.196,-1.260,-0.395,-2.036,-0.198,-1.763
11.360,1.469,-0.236,-1.265,-0.489,-1.986,-0.244,-1.812
11.380,1.458,-0.275,-1.271,-0.581,-1.927,-0.291,-1.864
11.400,1.444,-0.312,-1.278,-0.673,-1.857,-0.336,-1.918
11.420,1.429,-0.347,-1.285,-0.764,-1.779,-0.382,-1.976
11.440,1.412,-0.381,-1.294,-0.854,-1.691,-0.427,-2.038
11.460,1.393,-0.413,-1.303,-0.943,-1.595,-0.471,-2.105
11.480,1.372,-0.443,-1.314,-1.031,-1.491,-0.515,-2.176
11.500,1.350,-0.471,-1.325,-1.117,-1.380,-0.559,-2.252
11.520,1.326,-0.496,-1.337,-1.202,-1.261,-0.601,-2.332
11.540,1.300,-0.519,-1.350,-1.286,-1.136,-0.643,-2.418
11.560,1.273,-0.539,-1.363,-1.368,-1.005,-0.684,-2.508
11.580,1.244,-0.556,-1.378,-1.448,-0.870,-0.724,-2.601
11.600,1.214,-0.571,-1.393,-1.526,-0.730,-0.763,-2.696
11.620,1.181,-0.582,-1.409,-1.603,-0.586,-0.801,-2.791
11.640,1.148,-0.591,-1.426,-1.677,-0.439,-0.839,-2.886
11.660,1.113,-0.597,-1.444,-1.750,-0.290,-0.875,-2.977
11.680,1.077,-0.600,-1.462,-1.820,-0.140,-0.910,-3.065
11.700,1.036,-0.599,-1.482,-2.041,0.019,-1.021,3.132
11.720,0.993,-0.595,-1.503,-2.118,0.195,-1.059,3.050
11.740,0.950,-0.588,-1.525,-2.191,0.370,-1.095,2.974
11.760,0.904,-0.577,-1.548,-2.260,0.543,-1.130,2.906
11.780,0.858,-0.563,-1.571,-2.327,0.712,-1.163,2.845
11.800,0.810,-0.545,-1.595,-2.390,0.878,-1.195,2.790
11.820,0.761,-0.525,-1.619,-2.449,1.038,-1.225,2.741
11.840,0.711,-0.501,-1.645,-2.505,1.192,-1.253,2.697
11.860,0.660,-0.474,-1.670,-2.558,1.339,-1.279,2.659
11.880,0.608,-0.444,-1.696,-2.606,1.479,-1.303,2.626
11.900,0.555,-0.412,-1.723,-2.651,1.609,-1.325,2.596
11.920,0.501,-0.378,-1.750,-2.691,1.730,-1.346,2.570
11.940,0.446,-0.341,-1.777,-2.728,1.841,-1.364,2.548
11.960,0.391,-0.302,-1.804,-2.761,1.941,-1.381,2.529
11.980,0.335,-0.261,-1.832,-2.790,2.030,-1.395,2.513
12.000,0.279,-0.219,-1.861,-2.814,2.107,-1.407,2.499
